<?xml version="1.0"?>
<opencv_storage>
<R type_id="opencv-matrix">
  <rows>9</rows>
  <cols>1</cols>
  <dt>"3d"</dt>
  <data>
    -1.7491449120291963e-01 1.4362799107697244e-01
    1.7629977331257642e+00 -1.8275956945528149e-01
    5.6691961951523973e-01 1.8107677131627700e+00
    -9.6909198352669673e-02 5.5367508720447434e-01
    1.9452202992968297e+00 -2.0099636106701922e-02
    6.5315533027529304e-01 1.7995231592356291e+00 6.0337640293032013e-02
    4.4661021105786419e-01 1.7804035931190645e+00 2.9556208834015218e-01
    2.9640252587112370e-01 1.7305332138128782e+00 1.3496359359874568e-01
    3.2573626359713215e-01 1.4877371480340937e+00 1.6378725726660137e-01
    3.2306462787394624e-01 1.4806509136541597e+00 1.7523266716905400e-01
    3.2864635009546928e-01 1.4835341630339323e+00</data></R>
<T type_id="opencv-matrix">
  <rows>9</rows>
  <cols>1</cols>
  <dt>"3d"</dt>
  <data>
    5.3563434434317063e+00 -1.4679758464197019e+00
    2.1690796793404772e+01 7.6027168461172758e+00
    -7.1790653366400359e-01 2.6468721745870365e+01
    3.5967907320516819e+00 -1.5704625334788167e+00
    2.4687424490968944e+01 1.0135763984917691e+01
    -1.1120950128456564e+00 2.0426008939985238e+01
    6.4900345398406403e+00 -1.8005936464754828e+00
    2.2033793380700558e+01 3.2240564203724391e+00
    -3.1819325957629312e+00 2.5892645701405819e+01
    1.3329547960038301e+01 -6.2299540541033753e+00
    4.3148222981110827e+01 1.3284906232628067e+01
    -6.1188353752386471e+00 4.3302551431588249e+01
    1.3288249872179954e+01 -6.0746277961897164e+00
    4.3311964638270801e+01</data></T>
<cameraMatrix type_id="opencv-matrix">
  <rows>3</rows>
  <cols>3</cols>
  <dt>d</dt>
  <data>
    7.2595931845968892e+02 0. 2.5143876497585168e+02 0.
    7.1829285060218149e+02 1.7928366905907998e+02 0. 0. 1.</data></cameraMatrix>
<distCoeffs type_id="opencv-matrix">
  <rows>1</rows>
  <cols>5</cols>
  <dt>d</dt>
  <data>
    1.9331939802787779e-01 3.3378933972423463e-01
    -1.2887707312320308e-02 -7.0282491000456859e-02
    -1.0087075812638862e+00</data></distCoeffs>
</opencv_storage>
