<?xml version="1.0"?>
<opencv_storage>
<R type_id="opencv-matrix">
  <rows>12</rows>
  <cols>1</cols>
  <dt>"3d"</dt>
  <data>
    -6.7110666280688611e-02 -4.2170403726752154e-01
    -1.5662103100363072e+00 3.7106413174208386e-01
    -7.7478857889216479e-01 -1.5745194231460362e+00
    2.6396813676534259e-01 -8.8729964159111521e-03
    -1.6197239295925172e+00 -6.0555388882681382e-01
    -7.8625274341253970e-01 -1.3868626957662127e+00
    -9.0461018242840974e-01 -6.7211249364788439e-01
    -1.1693145423920370e+00 -5.0635066541612650e-01
    -4.8984699277994215e-01 -1.3944506723481460e+00
    -2.6315139138886035e-01 -4.4639898547370362e-02
    -1.4454747193247104e+00 -2.6604468501820988e-01
    2.7147565243955341e-01 -7.0738260214153192e-01
    -3.2724734220565294e-01 2.7641896896248858e-01
    -7.4182223425207183e-01 -1.9242579137033841e-01
    -1.0333371344452931e+00 -1.6632631388606780e+00
    1.2287456078614317e-01 -3.2718400425718169e-01
    -1.3902457082003230e+00 -4.7670152532938337e-01
    7.8145883749873274e-02 -1.4271917033799055e+00</data></R>
<T type_id="opencv-matrix">
  <rows>12</rows>
  <cols>1</cols>
  <dt>"3d"</dt>
  <data>
    -5.2377961216711411e+00 4.2914625562417195e+00
    2.6678511947311229e+01 -5.3531984126555585e+00
    3.9432186007778980e+00 2.6120054168562369e+01
    -8.6946396413958542e+00 7.9023546123784438e-01
    3.0013075102529246e+01 -8.4212970862291296e+00
    4.8608005249919204e+00 2.9445079822434089e+01
    -3.1224836979591579e+00 2.9253439970629502e+00
    2.8596763707323525e+01 -4.7106121389981697e+00
    1.7071401694204658e+00 3.0156834568294240e+01 4.9658023922500016e-02
    9.8777589822412226e-01 2.8617564452512628e+01
    -8.5646226338102338e-01 -1.8631830738491790e+00
    3.2020052502041899e+01 3.0038443390379501e+00
    -3.0368335491102898e+00 3.2355272818142922e+01
    -1.4795958957404796e+00 3.0221098882506205e+00
    2.2454971161153424e+01 -2.5496076874537690e+00
    7.7818438048029359e-01 2.8844155388697125e+01 1.5690896736960847e+00
    1.8294838707690146e+00 2.7465297814763993e+01</data></T>
<cameraMatrix type_id="opencv-matrix">
  <rows>3</rows>
  <cols>3</cols>
  <dt>d</dt>
  <data>
    6.5459621131645042e+02 0. 2.7673757949277854e+02 0.
    6.5234408530155918e+02 1.7777457569765463e+02 0. 0. 1.</data></cameraMatrix>
<distCoeffs type_id="opencv-matrix">
  <rows>1</rows>
  <cols>5</cols>
  <dt>d</dt>
  <data>
    2.7344901324689141e-01 -2.3474685563675584e+00
    -7.4811495136004177e-03 -4.5412705765963506e-02
    9.4252209789680439e+00</data></distCoeffs>
</opencv_storage>
